1 1 4.17e-05 1.235e-05
1 10 3.575e-05 8.95e-06
1 100 2.98e-05 8.3e-06
1 1000 4.185e-05 1.125e-05
1 10000 4.36e-05 1.795e-05
1 100000 0.00017055 0.0001449
1 1000000 0.00135335 0.00129215
1 10000000 0.0148379 0.01043
1 100000000 0.269799 0.214899
10 1 5.52e-05 1.475e-05
10 10 6.905e-05 1.995e-05
10 100 8.215e-05 2.1e-05
10 1000 7.745e-05 3.355e-05
10 10000 0.00023935 0.00015955
10 100000 0.0011836 0.00134595
10 1000000 0.0075 0.010317
10 10000000 0.0837408 0.104383
10 100000000 1.4268 1.95955
20 1 5.675e-05 2.225e-05
20 10 4.085e-05 2.125e-05
20 100 4.31e-05 2.185e-05
20 1000 6.785e-05 4.39e-05
20 10000 0.00018435 0.00016235
20 100000 0.001357 0.00124215
20 1000000 0.0171309 0.0144595
20 10000000 0.157268 0.1996
50 1 5.48e-05 3.655e-05
50 10 5.285e-05 3.675e-05
50 100 5.575e-05 4.32e-05
50 1000 9.11e-05 7.8e-05
50 10000 0.00039935 0.0003776
50 100000 0.0036463 0.00309895
50 1000000 0.0362399 0.0366704
50 10000000 0.502732 0.497433
100 1 7.715e-05 6.4e-05
100 10 7.54e-05 6.685e-05
100 100 8.735e-05 7.625e-05
100 1000 0.0001476 0.0001562
100 10000 0.0007571 0.00069695
100 100000 0.0069703 0.00668935
100 1000000 0.0708778 0.0740483
100 10000000 0.754149 1.02216
200 1 0.00013635 0.00012125
200 10 0.00012765 0.0001243
200 100 0.00014785 0.00014365
200 1000 0.00027405 0.00026825
200 10000 0.0014359 0.00139235
200 100000 0.0147042 0.0140095
200 1000000 0.14886 0.14146
500 1 0.000279 0.0002589
500 10 0.00026175 0.00028925
500 100 0.00031835 0.000343
500 1000 0.00062135 0.00062355
500 10000 0.003919 0.00376805
500 100000 0.0359368 0.03504
500 1000000 0.362137 0.355092
1000 1 0.0004903 0.00055785
1000 10 0.000506 0.00054985
1000 100 0.0005876 0.00061295
1000 1000 0.00120245 0.0012192
1000 10000 0.00782835 0.00769205
1000 100000 0.0737392 0.0698293
1000 1000000 0.703208 0.703019
